{
  "height": 22,
  "width": 95,
  "x": 691.6328125,
  "y": 592.4296875
}